IterNo		 p		 y		 t		 e		 w11	 w12	 b
--		 --		 --		 --		 --		 -1.2 	 -0.5	 1.0
---------------------------------------------------------------------
1 		 p1 	1 		0 		-1 		 -1.2 	 -0.5	 0.0
2 		 p2 	0 		1 		1 		 -1.2 	 0.5	 1.0
3 		 p3 	0 		1 		1 		 -0.2 	 0.5	 2.0
4 		 p4 	1 		1 		0 		 -0.2 	 0.5	 2.0
---------------------------------------------------------------------
5 		 p1 	1 		0 		-1 		 -0.2 	 0.5	 1.0
6 		 p2 	1 		1 		0 		 -0.2 	 0.5	 1.0
7 		 p3 	1 		1 		0 		 -0.2 	 0.5	 1.0
8 		 p4 	1 		1 		0 		 -0.2 	 0.5	 1.0
---------------------------------------------------------------------
9 		 p1 	1 		0 		-1 		 -0.2 	 0.5	 0.0
10 		 p2 	1 		1 		0 		 -0.2 	 0.5	 0.0
11 		 p3 	0 		1 		1 		 0.8 	 0.5	 1.0
12 		 p4 	1 		1 		0 		 0.8 	 0.5	 1.0
---------------------------------------------------------------------
13 		 p1 	1 		0 		-1 		 0.8 	 0.5	 0.0
14 		 p2 	1 		1 		0 		 0.8 	 0.5	 0.0
15 		 p3 	1 		1 		0 		 0.8 	 0.5	 0.0
16 		 p4 	1 		1 		0 		 0.8 	 0.5	 0.0
---------------------------------------------------------------------
17 		 p1 	1 		0 		-1 		 0.8 	 0.5	 -1.0
18 		 p2 	0 		1 		1 		 0.8 	 1.5	 0.0
19 		 p3 	1 		1 		0 		 0.8 	 1.5	 0.0
20 		 p4 	1 		1 		0 		 0.8 	 1.5	 0.0
---------------------------------------------------------------------
21 		 p1 	1 		0 		-1 		 0.8 	 1.5	 -1.0
22 		 p2 	1 		1 		0 		 0.8 	 1.5	 -1.0
23 		 p3 	0 		1 		1 		 1.8 	 1.5	 0.0
24 		 p4 	1 		1 		0 		 1.8 	 1.5	 0.0
---------------------------------------------------------------------
25 		 p1 	1 		0 		-1 		 1.8 	 1.5	 -1.0
26 		 p2 	1 		1 		0 		 1.8 	 1.5	 -1.0
27 		 p3 	1 		1 		0 		 1.8 	 1.5	 -1.0
28 		 p4 	1 		1 		0 		 1.8 	 1.5	 -1.0
---------------------------------------------------------------------
29 		 p1 	0 		0 		0 		 1.8 	 1.5	 -1.0
30 		 p2 	1 		1 		0 		 1.8 	 1.5	 -1.0
31 		 p3 	1 		1 		0 		 1.8 	 1.5	 -1.0
32 		 p4 	1 		1 		0 		 1.8 	 1.5	 -1.0
---------------------------------------------------------------------
